10111
10981
17789
24144
24149
24376
24413
24490
38323
38379
38564
38834
39753
42962
44421
44446
45102
45275
49904
50922
51928
55786
55967
58026
59043
63567
63593
63620
63631
63648
131482
131524
131539
132019
132203
133194
133219
133478
133492
133846
133952
134578
135054
135363
135426
135646
136180
136189
136250
136535
136766
136769
137256
137571
137710
137753
137785
138029
138538
138545
139073
139249
139266
139589
139726
139769
139799
139859
139888
140633
141172
146762
146813
146834
147008
148982
149304
149475
149511
150166
150374
151230
151270
151277
151331
151397
151418
151674
152092
152186
152598
152672
152697
152711
153911
154010
154315
197626
198527
198588
198681
199406
200103
200268
200472
200545
200720
200789
200809
200853
200890
201674
201705
201944
202256
203236
203643
203655
204185
204518
204856
205152
205532
205603
205618
205651
205779
205794
206315
206574
206729
206843
207292
207338
207615
208618
208679
209218
209261
209481
209484
209556
209574
209586
209645
209650
210041
210176
210634
210738
211158
211265
211843
211968
211992
212237
212371
212532
212793
212982
212985
213116
213404
213545
213625
213700
213891
213903
214040
214203
214207
214439
214575
214610
214613
214660
214759
214848
214871
214899
214921
214963
215507
215750
215786
215848
215969
216100
216173
216224
219283
219289
219300
219397
219480
